30 30
3
28 27
28 28
28 29
1
0 29 29 28 1
3 3
2
2 1
1 2
0
4 3
2
2 1
3 1
1
3 0 2 2 0
4 2
0
1
2 0 1 0 -3
5 3
0
3
2 0 1 0 0
2 1 1 1 0
2 2 1 2 0
30 30
1
0 1
897
18 15 19 15 10000
19 24 20 24 10000
5 27 6 27 10000
15 7 16 7 10000
17 22 18 22 10000
19 11 20 11 10000
3 6 4 6 10000
20 21 21 21 10000
2 28 3 28 10000
26 19 27 19 10000
15 15 16 15 10000
17 25 18 25 10000
28 18 29 18 10000
12 29 13 29 10000
5 23 6 23 10000
8 20 9 20 10000
13 7 14 7 10000
10 28 11 28 10000
12 21 13 21 10000
9 8 10 8 10000
6 3 7 3 10000
15 17 16 17 10000
28 4 29 4 10000
16 6 17 6 10000
25 8 26 8 10000
13 27 14 27 10000
19 18 20 18 10000
2 1 3 1 10000
12 5 13 5 10000
0 29 1 29 10000
21 4 22 4 10000
3 10 4 10 10000
15 10 16 10 10000
29 4 0 5 10000
16 0 17 0 10000
22 14 23 14 10000
17 19 18 19 10000
20 18 21 18 10000
6 20 7 20 10000
10 16 11 16 10000
10 4 11 4 10000
9 2 10 2 10000
27 19 28 19 10000
9 12 10 12 10000
25 1 26 1 10000
5 25 6 25 10000
21 0 22 0 10000
24 4 25 4 10000
6 22 7 22 10000
17 0 18 0 10000
29 22 0 23 10000
11 18 12 18 10000
3 22 4 22 10000
13 20 14 20 10000
27 27 28 27 10000
28 25 29 25 10000
24 20 25 20 10000
16 9 17 9 10000
20 20 21 20 10000
15 8 16 8 10000
12 2 13 2 10000
25 24 26 24 10000
20 13 21 13 10000
24 27 25 27 10000
6 8 7 8 10000
16 23 17 23 10000
1 8 2 8 10000
29 6 0 7 10000
29 17 0 18 10000
9 16 10 16 10000
12 23 13 23 10000
22 22 23 22 10000
1 20 2 20 10000
24 7 25 7 10000
22 3 23 3 10000
13 5 14 5 10000
12 13 13 13 10000
8 15 9 15 10000
5 3 6 3 10000
20 27 21 27 10000
10 10 11 10 10000
15 13 16 13 10000
11 24 12 24 10000
14 6 15 6 10000
8 28 9 28 10000
27 26 28 26 10000
20 6 21 6 10000
2 25 3 25 10000
21 29 22 29 10000
7 16 8 16 10000
6 10 7 10 10000
7 17 8 17 10000
12 3 13 3 10000
0 13 1 13 10000
9 23 10 23 10000
21 22 22 22 10000
23 6 24 6 10000
28 24 29 24 10000
4 4 5 4 10000
15 24 16 24 10000
11 21 12 21 10000
23 10 24 10 10000
12 11 13 11 10000
23 19 24 19 10000
11 5 12 5 10000
8 22 9 22 10000
6 19 7 19 10000
2 12 3 12 10000
14 11 15 11 10000
1 6 2 6 10000
18 9 19 9 10000
21 16 22 16 10000
29 3 0 4 10000
2 17 3 17 10000
7 15 8 15 10000
10 25 11 25 10000
25 21 26 21 10000
26 9 27 9 10000
19 15 20 15 10000
2 14 3 14 10000
5 11 6 11 10000
0 12 1 12 10000
18 5 19 5 10000
8 10 9 10 10000
1 16 2 16 10000
27 10 28 10 10000
7 3 8 3 10000
29 2 0 3 10000
24 28 25 28 10000
26 11 27 11 10000
16 3 17 3 10000
3 13 4 13 10000
1 22 2 22 10000
23 29 24 29 10000
0 21 1 21 10000
11 29 12 29 10000
19 2 20 2 10000
23 5 24 5 10000
7 29 8 29 10000
24 11 25 11 10000
0 28 1 28 10000
26 4 27 4 10000
24 16 25 16 10000
26 28 27 28 10000
17 26 18 26 10000
25 28 26 28 10000
14 9 15 9 10000
10 14 11 14 10000
0 22 1 22 10000
11 4 12 4 10000
18 8 19 8 10000
28 15 29 15 10000
22 17 23 17 10000
23 18 24 18 10000
21 25 22 25 10000
3 26 4 26 10000
19 4 20 4 10000
15 25 16 25 10000
25 0 26 0 10000
24 19 25 19 10000
25 6 26 6 10000
20 2 21 2 10000
20 17 21 17 10000
26 8 27 8 10000
18 4 19 4 10000
15 9 16 9 10000
1 17 2 17 10000
5 18 6 18 10000
26 7 27 7 10000
6 29 7 29 10000
8 19 9 19 10000
18 6 19 6 10000
22 9 23 9 10000
8 4 9 4 10000
28 21 29 21 10000
29 25 0 26 10000
11 26 12 26 10000
0 15 1 15 10000
6 25 7 25 10000
10 8 11 8 10000
19 1 20 1 10000
26 17 27 17 10000
25 11 26 11 10000
6 23 7 23 10000
6 18 7 18 10000
16 17 17 17 10000
11 11 12 11 10000
3 17 4 17 10000
14 1 15 1 10000
14 27 15 27 10000
18 16 19 16 10000
21 1 22 1 10000
4 1 5 1 10000
24 15 25 15 10000
23 0 24 0 10000
16 14 17 14 10000
6 5 7 5 10000
19 29 20 29 10000
18 18 19 18 10000
1 27 2 27 10000
15 19 16 19 10000
2 29 3 29 10000
21 8 22 8 10000
28 8 29 8 10000
8 16 9 16 10000
10 11 11 11 10000
13 24 14 24 10000
22 21 23 21 10000
14 23 15 23 10000
28 13 29 13 10000
18 10 19 10 10000
24 1 25 1 10000
14 21 15 21 10000
16 22 17 22 10000
7 11 8 11 10000
4 3 5 3 10000
2 9 3 9 10000
13 6 14 6 10000
14 15 15 15 10000
11 14 12 14 10000
20 24 21 24 10000
3 2 4 2 10000
3 25 4 25 10000
20 29 21 29 10000
22 16 23 16 10000
20 26 21 26 10000
22 10 23 10 10000
16 16 17 16 10000
27 21 28 21 10000
13 12 14 12 10000
5 4 6 4 10000
8 25 9 25 10000
1 2 2 2 10000
12 28 13 28 10000
27 20 28 20 10000
25 4 26 4 10000
7 7 8 7 10000
0 17 1 17 10000
7 1 8 1 10000
0 3 1 3 10000
5 29 6 29 10000
1 15 2 15 10000
16 1 17 1 10000
8 12 9 12 10000
16 18 17 18 10000
5 14 6 14 10000
8 0 9 0 10000
12 4 13 4 10000
0 5 1 5 10000
21 14 22 14 10000
20 1 21 1 10000
3 15 4 15 10000
6 1 7 1 10000
25 12 26 12 10000
1 23 2 23 10000
10 6 11 6 10000
9 9 10 9 10000
0 6 1 6 10000
12 6 13 6 10000
9 0 10 0 10000
9 20 10 20 10000
10 15 11 15 10000
14 2 15 2 10000
3 4 4 4 10000
28 7 29 7 10000
6 16 7 16 10000
16 13 17 13 10000
13 26 14 26 10000
18 27 19 27 10000
10 13 11 13 10000
0 16 1 16 10000
10 24 11 24 10000
10 20 11 20 10000
17 8 18 8 10000
26 13 27 13 10000
27 17 28 17 10000
9 17 10 17 10000
6 6 7 6 10000
13 1 14 1 10000
6 2 7 2 10000
14 25 15 25 10000
19 10 20 10 10000
28 5 29 5 10000
16 15 17 15 10000
0 25 1 25 10000
25 23 26 23 10000
4 5 5 5 10000
14 18 15 18 10000
15 16 16 16 10000
25 19 26 19 10000
5 2 6 2 10000
3 11 4 11 10000
21 7 22 7 10000
7 2 8 2 10000
13 22 14 22 10000
19 25 20 25 10000
26 22 27 22 10000
3 8 4 8 10000
14 24 15 24 10000
12 27 13 27 10000
18 7 19 7 10000
24 23 25 23 10000
23 15 24 15 10000
13 15 14 15 10000
1 9 2 9 10000
24 2 25 2 10000
8 6 9 6 10000
21 20 22 20 10000
1 19 2 19 10000
24 6 25 6 10000
17 23 18 23 10000
9 22 10 22 10000
11 20 12 20 10000
9 19 10 19 10000
12 10 13 10 10000
22 5 23 5 10000
1 3 2 3 10000
10 3 11 3 10000
4 20 5 20 10000
28 3 29 3 10000
13 8 14 8 10000
14 16 15 16 10000
23 24 24 24 10000
2 23 3 23 10000
26 26 27 26 10000
14 3 15 3 10000
27 6 28 6 10000
13 11 14 11 10000
11 3 12 3 10000
28 16 29 16 10000
24 17 25 17 10000
27 8 28 8 10000
27 25 28 25 10000
6 27 7 27 10000
4 15 5 15 10000
20 11 21 11 10000
23 1 24 1 10000
25 5 26 5 10000
29 16 0 17 10000
10 26 11 26 10000
7 8 8 8 10000
25 2 26 2 10000
27 3 28 3 10000
27 12 28 12 10000
24 26 25 26 10000
4 18 5 18 10000
0 19 1 19 10000
1 28 2 28 10000
4 2 5 2 10000
19 12 20 12 10000
26 0 27 0 10000
22 15 23 15 10000
10 9 11 9 10000
24 29 25 29 10000
21 10 22 10 10000
7 19 8 19 10000
29 26 0 27 10000
5 28 6 28 10000
12 19 13 19 10000
4 16 5 16 10000
10 23 11 23 10000
8 24 9 24 10000
5 8 6 8 10000
11 19 12 19 10000
8 9 9 9 10000
15 18 16 18 10000
11 16 12 16 10000
0 23 1 23 10000
29 11 0 12 10000
10 2 11 2 10000
4 9 5 9 10000
28 11 29 11 10000
9 29 10 29 10000
4 28 5 28 10000
19 19 20 19 10000
5 19 6 19 10000
26 18 27 18 10000
2 21 3 21 10000
23 28 24 28 10000
29 18 0 19 10000
13 0 14 0 10000
14 22 15 22 10000
17 2 18 2 10000
4 21 5 21 10000
7 9 8 9 10000
24 13 25 13 10000
18 11 19 11 10000
16 8 17 8 10000
19 21 20 21 10000
0 26 1 26 10000
6 26 7 26 10000
13 3 14 3 10000
13 19 14 19 10000
5 20 6 20 10000
28 2 29 2 10000
9 14 10 14 10000
11 22 12 22 10000
14 5 15 5 10000
25 17 26 17 10000
0 11 1 11 10000
17 28 18 28 10000
28 10 29 10 10000
3 19 4 19 10000
20 0 21 0 10000
29 9 0 10 10000
17 7 18 7 10000
26 20 27 20 10000
26 29 27 29 10000
8 27 9 27 10000
23 14 24 14 10000
28 26 29 26 10000
14 12 15 12 10000
12 16 13 16 10000
21 19 22 19 10000
20 15 21 15 10000
29 14 0 15 10000
29 5 0 6 10000
10 22 11 22 10000
26 12 27 12 10000
9 1 10 1 10000
1 4 2 4 10000
8 17 9 17 10000
6 13 7 13 10000
2 3 3 3 10000
25 9 26 9 10000
11 27 12 27 10000
10 17 11 17 10000
21 15 22 15 10000
18 13 19 13 10000
22 18 23 18 10000
12 0 13 0 10000
7 18 8 18 10000
11 17 12 17 10000
27 11 28 11 10000
29 15 0 16 10000
16 11 17 11 10000
13 21 14 21 10000
15 6 16 6 10000
17 6 18 6 10000
21 9 22 9 10000
25 14 26 14 10000
6 14 7 14 10000
16 5 17 5 10000
9 6 10 6 10000
6 4 7 4 10000
15 21 16 21 10000
27 7 28 7 10000
26 10 27 10 10000
13 13 14 13 10000
2 24 3 24 10000
15 2 16 2 10000
23 13 24 13 10000
26 15 27 15 10000
28 0 29 0 10000
2 13 3 13 10000
28 27 29 27 10000
10 19 11 19 10000
28 22 29 22 10000
2 15 3 15 10000
12 15 13 15 10000
22 28 23 28 10000
18 21 19 21 10000
9 13 10 13 10000
1 25 2 25 10000
13 25 14 25 10000
24 8 25 8 10000
14 29 15 29 10000
27 5 28 5 10000
1 21 2 21 10000
20 14 21 14 10000
21 5 22 5 10000
10 12 11 12 10000
19 23 20 23 10000
27 13 28 13 10000
18 29 19 29 10000
23 3 24 3 10000
4 6 5 6 10000
7 21 8 21 10000
24 5 25 5 10000
9 5 10 5 10000
22 19 23 19 10000
5 26 6 26 10000
11 28 12 28 10000
22 27 23 27 10000
11 2 12 2 10000
2 26 3 26 10000
26 1 27 1 10000
7 28 8 28 10000
4 26 5 26 10000
15 20 16 20 10000
23 27 24 27 10000
14 26 15 26 10000
23 23 24 23 10000
16 25 17 25 10000
17 14 18 14 10000
19 22 20 22 10000
18 3 19 3 10000
24 25 25 25 10000
3 3 4 3 10000
7 10 8 10 10000
29 13 0 14 10000
6 0 7 0 10000
22 6 23 6 10000
3 27 4 27 10000
0 27 1 27 10000
2 10 3 10 10000
2 8 3 8 10000
11 23 12 23 10000
7 14 8 14 10000
29 20 0 21 10000
25 15 26 15 10000
28 1 29 1 10000
8 3 9 3 10000
17 17 18 17 10000
4 22 5 22 10000
4 17 5 17 10000
12 7 13 7 10000
23 26 24 26 10000
6 24 7 24 10000
21 18 22 18 10000
16 10 17 10 10000
9 27 10 27 10000
12 1 13 1 10000
27 24 28 24 10000
25 16 26 16 10000
8 13 9 13 10000
8 11 9 11 10000
20 9 21 9 10000
25 3 26 3 10000
25 27 26 27 10000
21 27 22 27 10000
27 18 28 18 10000
0 18 1 18 10000
16 21 17 21 10000
8 21 9 21 10000
10 0 11 0 10000
18 12 19 12 10000
1 29 2 29 10000
18 28 19 28 10000
4 23 5 23 10000
15 23 16 23 10000
10 29 11 29 10000
17 9 18 9 10000
12 25 13 25 10000
17 1 18 1 10000
26 14 27 14 10000
9 10 10 10 10000
0 7 1 7 10000
12 14 13 14 10000
22 7 23 7 10000
23 7 24 7 10000
21 3 22 3 10000
16 20 17 20 10000
2 5 3 5 10000
13 2 14 2 10000
5 22 6 22 10000
5 16 6 16 10000
19 5 20 5 10000
13 9 14 9 10000
21 11 22 11 10000
12 24 13 24 10000
28 23 29 23 10000
19 28 20 28 10000
28 9 29 9 10000
3 23 4 23 10000
22 1 23 1 10000
24 21 25 21 10000
3 29 4 29 10000
20 28 21 28 10000
19 13 20 13 10000
4 14 5 14 10000
15 5 16 5 10000
21 13 22 13 10000
23 20 24 20 10000
23 22 24 22 10000
2 6 3 6 10000
20 12 21 12 10000
4 12 5 12 10000
1 7 2 7 10000
16 4 17 4 10000
28 6 29 6 10000
3 20 4 20 10000
7 0 8 0 10000
9 26 10 26 10000
16 29 17 29 10000
21 21 22 21 10000
22 0 23 0 10000
14 10 15 10 10000
17 11 18 11 10000
8 2 9 2 10000
20 16 21 16 10000
19 27 20 27 10000
13 18 14 18 10000
0 14 1 14 10000
17 5 18 5 10000
9 25 10 25 10000
15 27 16 27 10000
1 18 2 18 10000
5 10 6 10 10000
28 19 29 19 10000
11 13 12 13 10000
15 28 16 28 10000
23 9 24 9 10000
3 18 4 18 10000
13 23 14 23 10000
12 22 13 22 10000
28 20 29 20 10000
18 25 19 25 10000
27 14 28 14 10000
5 24 6 24 10000
18 17 19 17 10000
25 10 26 10 10000
5 17 6 17 10000
17 29 18 29 10000
6 15 7 15 10000
17 27 18 27 10000
3 28 4 28 10000
5 9 6 9 10000
23 2 24 2 10000
13 28 14 28 10000
16 27 17 27 10000
3 9 4 9 10000
21 2 22 2 10000
12 20 13 20 10000
22 20 23 20 10000
5 21 6 21 10000
3 14 4 14 10000
7 27 8 27 10000
29 1 0 2 10000
18 22 19 22 10000
4 27 5 27 10000
17 10 18 10 10000
14 4 15 4 10000
1 14 2 14 10000
4 7 5 7 10000
19 6 20 6 10000
15 11 16 11 10000
5 1 6 1 10000
13 16 14 16 10000
17 20 18 20 10000
3 16 4 16 10000
28 14 29 14 10000
7 24 8 24 10000
17 18 18 18 10000
14 14 15 14 10000
29 27 0 28 10000
27 15 28 15 10000
14 17 15 17 10000
18 23 19 23 10000
22 13 23 13 10000
12 12 13 12 10000
11 25 12 25 10000
7 22 8 22 10000
4 19 5 19 10000
21 24 22 24 10000
18 14 19 14 10000
18 20 19 20 10000
24 24 25 24 10000
9 7 10 7 10000
28 17 29 17 10000
11 7 12 7 10000
16 12 17 12 10000
1 12 2 12 10000
17 16 18 16 10000
9 3 10 3 10000
26 16 27 16 10000
0 10 1 10 10000
15 3 16 3 10000
7 4 8 4 10000
23 4 24 4 10000
26 6 27 6 10000
0 20 1 20 10000
14 7 15 7 10000
4 8 5 8 10000
11 0 12 0 10000
23 17 24 17 10000
21 6 22 6 10000
7 12 8 12 10000
21 28 22 28 10000
0 9 1 9 10000
7 26 8 26 10000
20 3 21 3 10000
14 28 15 28 10000
3 1 4 1 10000
4 0 5 0 10000
5 0 6 0 10000
7 23 8 23 10000
10 1 11 1 10000
26 2 27 2 10000
18 1 19 1 10000
23 25 24 25 10000
8 26 9 26 10000
13 14 14 14 10000
12 8 13 8 10000
23 16 24 16 10000
20 23 21 23 10000
22 29 23 29 10000
26 27 27 27 10000
20 25 21 25 10000
0 8 1 8 10000
2 16 3 16 10000
24 14 25 14 10000
20 19 21 19 10000
9 18 10 18 10000
13 4 14 4 10000
6 28 7 28 10000
13 17 14 17 10000
24 3 25 3 10000
29 23 0 24 10000
25 29 26 29 10000
25 13 26 13 10000
9 24 10 24 10000
4 24 5 24 10000
15 4 16 4 10000
4 11 5 11 10000
8 1 9 1 10000
5 6 6 6 10000
1 26 2 26 10000
22 25 23 25 10000
27 1 28 1 10000
0 24 1 24 10000
11 15 12 15 10000
2 4 3 4 10000
10 27 11 27 10000
24 12 25 12 10000
8 23 9 23 10000
29 21 0 22 10000
14 19 15 19 10000
14 8 15 8 10000
2 20 3 20 10000
1 24 2 24 10000
7 13 8 13 10000
19 7 20 7 10000
5 7 6 7 10000
26 21 27 21 10000
24 10 25 10 10000
22 23 23 23 10000
17 13 18 13 10000
2 22 3 22 10000
27 22 28 22 10000
29 19 0 20 10000
2 7 3 7 10000
14 20 15 20 10000
26 3 27 3 10000
2 19 3 19 10000
8 29 9 29 10000
12 9 13 9 10000
18 19 19 19 10000
20 10 21 10 10000
28 29 29 29 10000
25 25 26 25 10000
26 5 27 5 10000
15 0 16 0 10000
12 26 13 26 10000
24 22 25 22 10000
6 12 7 12 10000
10 7 11 7 10000
11 9 12 9 10000
16 28 17 28 10000
4 29 5 29 10000
19 14 20 14 10000
29 7 0 8 10000
20 7 21 7 10000
5 5 6 5 10000
22 2 23 2 10000
19 17 20 17 10000
22 12 23 12 10000
24 9 25 9 10000
9 15 10 15 10000
23 11 24 11 10000
23 21 24 21 10000
23 8 24 8 10000
19 26 20 26 10000
17 4 18 4 10000
5 13 6 13 10000
1 10 2 10 10000
20 8 21 8 10000
18 24 19 24 10000
25 20 26 20 10000
1 1 2 1 10000
10 5 11 5 10000
6 9 7 9 10000
25 18 26 18 10000
7 20 8 20 10000
3 12 4 12 10000
18 0 19 0 10000
1 0 2 0 10000
28 28 29 28 10000
15 14 16 14 10000
25 22 26 22 10000
17 12 18 12 10000
21 17 22 17 10000
3 21 4 21 10000
16 7 17 7 10000
11 12 12 12 10000
11 6 12 6 10000
21 23 22 23 10000
27 9 28 9 10000
1 5 2 5 10000
11 1 12 1 10000
22 26 23 26 10000
25 26 26 26 10000
20 22 21 22 10000
29 12 0 13 10000
2 27 3 27 10000
27 28 28 28 10000
16 19 17 19 10000
22 24 23 24 10000
0 2 1 2 10000
27 2 28 2 10000
8 14 9 14 10000
9 28 10 28 10000
27 29 28 29 10000
5 15 6 15 10000
13 29 14 29 10000
22 4 23 4 10000
29 10 0 11 10000
3 0 4 0 10000
14 0 15 0 10000
27 0 28 0 10000
7 6 8 6 10000
18 26 19 26 10000
25 7 26 7 10000
6 17 7 17 10000
27 16 28 16 10000
20 5 21 5 10000
4 10 5 10 10000
26 25 27 25 10000
19 20 20 20 10000
29 0 1 1 10000
19 0 20 0 10000
8 18 9 18 10000
8 7 9 7 10000
16 2 17 2 10000
8 8 9 8 10000
10 21 11 21 10000
23 12 24 12 10000
28 12 29 12 10000
3 5 4 5 10000
26 23 27 23 10000
26 24 27 24 10000
11 8 12 8 10000
15 29 16 29 10000
16 26 17 26 10000
6 21 7 21 10000
15 26 16 26 10000
22 8 23 8 10000
4 13 5 13 10000
19 3 20 3 10000
15 1 16 1 10000
21 26 22 26 10000
2 11 3 11 10000
2 18 3 18 10000
9 11 10 11 10000
17 24 18 24 10000
20 4 21 4 10000
24 18 25 18 10000
19 16 20 16 10000
17 3 18 3 10000
7 25 8 25 10000
19 9 20 9 10000
9 4 10 4 10000
29 28 0 29 10000
21 12 22 12 10000
15 12 16 12 10000
19 8 20 8 10000
27 23 28 23 10000
0 4 1 4 10000
2 2 3 2 10000
24 0 25 0 10000
14 13 15 13 10000
6 11 7 11 10000
16 24 17 24 10000
6 7 7 7 10000
17 21 18 21 10000
12 17 13 17 10000
3 7 4 7 10000
8 5 9 5 10000
27 4 28 4 10000
13 10 14 10 10000
2 0 3 0 10000
10 18 11 18 10000
11 10 12 10 10000
12 18 13 18 10000
7 5 8 5 10000
4 25 5 25 10000
29 24 0 25 10000
9 21 10 21 10000
18 2 19 2 10000
22 11 23 11 10000
1 13 2 13 10000
5 12 6 12 10000
3 24 4 24 10000
15 22 16 22 10000
17 15 18 15 10000
1 11 2 11 10000
29 8 0 9 10000
0 0
