100
136.0 2.0 920.0
210.6617 1.0 272.2
495.43835 1.08245 1970.24905
1.00 3.424 686.62118
496.18209 1.44878 1942.11483
7.0 1.0 1625.0
498.37813 1.47534 1996.28436
39.0 2.0 1820.0
244.0 3.0 1382.0
497.57013 1.37289 1985.41943
330.67 4.0 1941.39
493.09754 1.15315 1971.57432
1.03902 3.91571 1999.94631
495.92526 1.01916 1946.82147
498.90994 1.45017 1981.26468
497.55526 1.68990 388.08232
423.5 3.1639 1349.0
288.0 1.0 1291.0
257.4823 2.7766 1528.6501
270.33 1.68 1650.439
283.44403 1.80564 396.78522
494.25860 1.25413 1994.69705
193.9 1.117 1.0
322.51337 1.37927 1037.28633
153.6 3.0 741.9058
500.0 2.08 332.88
492.65752 1.25225 1958.50321
293.00092 3.94650 1530.64423
493.11967 1.31498 1953.51618
233.52257 2.25226 1061.78666
407.44012 2.74286 1026.41053
497.93275 1.46987 1926.06556
230.65602 2.31036 116.39397
117.33826 2.78 824.78725
173.979 2.6 1239.61
353.0 4.0 142.0
277.00000 2.00000 282.00000
367.00000 2.00000 734.00000
492.37591 1.32268 1936.68402
106.0 2.0 745.0
498.40370 1.39390 1962.88739
358.00000 4.00000 382.00000
487.00000 2.00000 974.00000
496.95658 1.42277 1971.48367
300.0 1.0 1109.0
484.240 3.0 546.7
498.57319 1.47984 1974.82354
21.63743 2.82363 319.28971
319.67749 2.83768 143.06008
490.20568 1.18447 1971.44680
219.9 1.0 1084.3
495.93002 1.45485 1927.86651
492.84336 1.23097 1949.61456
282.38833 2.39107 1607.60535
1.30124 3.93141 3.66768
400.60 2.2170 973.384
490.12769 1.43152 1954.15038
217.64503 1.71710 1061.88185
473.0 3.0 1051.0
277.35023 3.44456 513.01099
492.25035 1.29132 1992.79152
496.00000 2.00000 992.00000
138.4 3.49 664.0
439.20395 1.23353 856.97529
405.0 2.0 1626.0
81.99740 2.12983 1585.64129
497.93777 1.35783 1911.12161
439.0 3.897 2000.00
497.42913 1.31305 1945.17814
1.04659 3.41436 1999.89507
27.81992 2.37205 1282.95147
1.06894 3.52456 1999.60673
491.98062 1.06424 1956.81394
318.0 4.0 505.0
496.21166 1.21460 1953.20807
490.86000 1.29494 1924.46981
273.0 2.0 248.0
492.59590 1.04988 1923.52728
194.74704 3.31941 1129.91529
1.01110 3.22852 1999.85647
150.97620 3.76641 1760.01635
48.5504 1.0 1208.216
178.4 2.0 353.0100
98.07656 1.51177 789.98141
306.00000 2.00000 612.00000
496.49707 1.19301 1908.70337
493.46895 1.28216 1901.88501
490.63903 1.35359 1935.93751
490.08645 1.02628 1992.83163
319.00000 1.00000 336.00000
382.40262 3.12059 884.56080
493.64925 1.30442 1942.09976
75.58494 1.36695 162.43699
497.54699 1.39442 1911.12893
491.74182 1.07035 1922.86331
438.426 3.71863 100.60
494.49412 1.37883 1901.35567
369.0 3.0 1659.0
493.34741 1.23742 1907.82555
481.00000 3.00000 515.00000
