100
3 8
5 6 9 4 8 2 1 7
3 1
2
3 10
2 4 8 16 32 64 100 100 100 100
3 10
1 4 4 4 4 4 4 4 4 4
100 1
100
3 5
11 20 60 22 100
2 10
100 100 100 100 100 100 100 100 100 100
3 5
100 100 100 100 100
3 4
1 6 12 49
2 6
9 64 19 16 81 80
1 10
100 100 100 100 100 100 100 100 100 100
1 10
1 1 1 1 1 1 1 1 1 1
7 2
13 71
11 3
2 52 17
20 1
14
12 5
63 2 35 79 1
8 6
22 7 47 9 23 51
16 5
53 88 16 47 15
17 7
30 18 78 22 16 57 47
5 1
45
1 5
24 7 14 36 88
5 2
6 2
4 2
58 43
13 7
14 23 12 66 88 66 24
16 1
47
1 6
1 66 79 23 78 44
3 8
1 11 72 15 74 2 3 1
6 7
34 2 49 58 50 59 1
24 9
1 81 55 7 1 14 3 4 15
17 3
57 5 3
24 1
29
16 7
34 1 29 46 30 1 21
3 6
1 15 49 66 2 31
1 3
60 33 56
11 6
3 23 94 58 17 1
1 2
23 43
6 8
85 40 38 6 6 8 5 16
12 9
38 48 7 60 25 58 79 1 30
4 5
42 49 14 2 73
10 5
1 58 2 1 16
9 9
34 16 92 43 5 2 4 96 51
22 7
1 2 24 3 1 36 4
1 7
3 1 5 58 15 17 7
20 1
39
1 1
71
2 4
2 1 4 96
8 5
30 22 14 7 14
13 4
2 56 23 4
1 9
2 23 4 17 1 1 1 2 29
2 8
65 6 12 1 37 36 8 13
4 7
20 85 49 22 11 73 68
23 7
94 3 68 59 36 56 99
1 5
11 19 1 54 15
1 1
2
7 8
3 71 45 90 55 47 10 23
2 4
1 18 27 17
3 2
2 1
16 2
45 49
17 8
63 94 1 6 56 59 69 6
6 7
71 3 29 40 57 67 1
10 7
59 79 19 45 66 36 86
2 4
44 72 53 2
6 8
8 1 1 7 76 29 7 12
12 7
76 53 19 17 67 23 53
3 1
17
1 8
40 2 1 22 18 6 23 77
8 7
22 29 69 3 22 6 60
8 1
30
2 1
81
17 6
9 2 40 48 10 61
17 4
22 39 1 1
22 6
85 48 40 71 35 31
4 7
12 28 34 46 30 1 69
1 1
43
13 8
31 47 1 7 68 34 68 51
19 1
43
1 9
24 7 73 29 45 5 31 97 93
24 4
1 40 88 12
15 3
8 3 98
10 3
23 29 4
23 6
12 36 7 11 18 47
1 2
3 32
1 8
6 23 64 9 39 75 94 60
5 3
92 37 14
8 7
29 54 9 14 92 1 3
7 5
1 68 92 66 20
20 5
15 73 1 5 1
5 7
3 66 57 54 65 1 1
1 4
2 34 23 33
1 7
55 5 71 9 92 8 10
2 2
5 27
3 7
1 30 23 20 54 99 1
4 2
1 1
14 2
1 98
24 5
53 18 88 88 26
8 8
79 56 44 95 47 1 63 27
5 3
34 11 8
15 4
74 16 80 2
15 5
80 49 12 53 29
15 1
2
