100
1
19
23
2201
99000
999899
11001
901
100001
999990
1099
900001
999999
999000
999998
2000
11000
2200
2101
21
10000
999989
123456
10011
999991
1998
200
998999
128
990001
345678
990000
999
2001
899999
99001
16
30
2
524288
900
1100
199
1000
1110
8
101001
91
32768
19
1001
11100
11101
90
989999
1000000
10
31
101
20
12
32
10100
11
11111
11011
1101
102
321098
2002
999001
101000
9999
99
100000
1111
10010
10101
10001
210987
10111
11110
29
999901
901234
111
1999
22
110
12000
999900
201
9
100
10999
10110
11010
900000
2100
12001
