50
10
0.23 0.72 0.82 0.99 0.17 0.98 0.70 0.44 0.51 0.45
0.01 0.04 0.14 0.48 0.19 0.06 0.65 0.33 0.88 0.55
10
0.15 0.30 0.24 0.36 0.03 0.55 0.18 0.42 0.27 0.06
0.64 0.91 0.97 0.73 0.82 0.70 0.94 0.76 0.85 0.58
5
0.83 0.49 0.85 0.09 0.36
0.43 0.34 0.72 0.91 0.70
10
0.46 0.86 0.79 0.64 0.53 0.39 0.99 0.78 0.54 0.97
0.02 0.21 0.31 0.28 0.18 0.37 0.11 0.22 0.38 0.12
1
0.2
0.3
10
0.43 0.04 0.76 0.02 0.46 0.85 0.41 0.59 0.35 0.72
0.91 0.83 0.52 0.78 0.70 0.96 0.07 0.80 0.67 0.50
10
0.21 0.02 0.04 0.90 0.86 0.47 0.88 0.52 0.01 0.39
0.09 0.26 0.12 0.75 0.42 0.37 0.79 0.46 0.25 0.48
5
0.35 0.86 0.45 0.39 0.84
0.06 0.14 0.16 0.08 0.25
1
0.5
0.6
4
0.46 0.54 0.23 0.31
0.85 0.62 0.92 0.69
4
0.89 0.63 0.80 0.39
0.35 0.11 0.91 0.72
8
0.05 0.10 0.53 0.35 0.45 0.31 0.29 0.02
0.73 0.87 0.71 0.66 0.81 0.69 0.60 0.74
10
0.30 0.07 0.37 0.39 0.78 0.36 0.06 0.84 0.72 0.23
0.68 0.47 0.31 0.64 0.85 0.18 0.17 0.95 0.92 0.52
8
0.52 0.64 0.60 0.48 0.94 0.72 0.76 0.58
0.20 0.28 0.08 0.46 0.10 0.18 0.30 0.40
7
0.92 0.94 0.80 0.24 0.16 0.04 0.88
0.28 0.72 0.18 0.50 0.22 0.90 0.74
10
0.91 0.86 0.32 0.14 0.45 0.36 0.82 0.77 0.23 0.68
0.27 0.64 0.55 0.59 0.73 0.50 0.05 0.18 0.95 0.41
8
0.90 0.48 0.43 0.67 0.19 0.38 0.95 0.14
0.71 0.86 0.05 0.62 0.33 0.57 0.29 0.10
10
0.670 0.165 0.284 0.826 0.642 0.037 0.064 0.294 0.367 0.771
0.844 0.734 0.257 0.982 0.927 0.679 0.541 0.211 0.486 0.743
10
0.49 0.52 0.37 0.02 0.22 0.29 0.48 0.40 0.03 0.46
0.69 0.60 0.68 0.75 0.62 0.54 0.71 0.77 0.86 0.80
10
0.27 0.23 0.46 0.08 0.12 0.31 0.19 0.35 0.04 0.42
0.73 0.81 0.62 0.58 0.54 0.65 0.77 0.50 0.88 0.85
7
0.76 0.82 0.12 0.53 0.91 0.32 0.56
0.94 0.44 0.59 0.03 0.97 0.38 0.68
10
0.71 0.44 0.27 0.69 0.96 0.81 0.04 0.25 0.90 0.67
0.52 0.65 0.60 0.75 0.15 0.77 0.10 0.56 0.42 0.19
10
0.35 0.90 0.61 0.54 0.37 0.57 0.56 0.79 0.88 0.16
0.26 0.29 0.52 0.70 0.39 0.98 0.43 0.32 0.02 0.10
10
0.09 0.18 0.59 0.68 0.46 0.79 0.30 0.55 0.54 0.39
0.25 0.89 0.48 0.21 0.70 0.41 0.05 0.11 0.02 0.98
10
0.37 0.06 0.99 0.09 0.58 0.42 0.28 0.52 0.14 0.47
0.26 0.82 0.66 0.38 0.31 0.96 0.48 0.87 0.74 0.51
8
0.10 0.65 0.12 0.79 0.46 0.15 0.50 0.98
0.04 0.08 0.27 0.69 0.48 0.83 0.92 0.56
7
0.39 0.84 0.52 0.55 0.98 0.06 0.28
0.72 0.36 0.53 0.89 0.78 0.05 0.48
10
0.796 0.894 0.858 0.956 0.867 0.531 0.726 0.549 0.513 0.761
0.239 0.248 0.097 0.389 0.009 0.434 0.212 0.035 0.336 0.071
10
0.08 0.48 0.29 0.21 0.32 0.50 0.54 0.14 0.19 0.04
0.88 0.85 0.83 0.60 0.76 0.79 0.73 0.94 0.81 0.58
5
0.42 0.03 0.90 0.68 0.26
0.58 0.16 0.35 0.23 0.77
7
0.20 0.10 0.77 0.30 0.40 0.50 0.80
0.47 0.23 0.17 0.03 0.73 0.07 0.60
10
0.61 0.24 0.70 0.08 0.85 0.45 0.51 0.39 0.07 0.65
0.03 0.55 0.52 0.32 0.79 0.80 0.62 0.72 0.83 0.59
7
0.17 0.10 0.87 0.93 0.03 0.50 0.30
0.37 0.67 0.40 0.43 0.13 0.20 0.97
1
0.3
0.4
8
0.60 0.85 0.25 0.20 0.30 0.45 0.50 0.40
0.75 0.80 0.90 0.55 0.65 0.15 0.10 0.70
10
0.923 0.663 0.808 0.529 0.817 0.077 0.144 0.279 0.673 0.163
0.731 0.096 0.135 0.154 0.625 0.856 0.317 0.490 0.721 0.798
10
0.69 0.31 0.03 0.94 0.28 0.47 0.08 0.39 0.06 0.11
0.83 0.22 0.42 0.78 0.92 0.56 0.19 0.64 0.53 0.67
10
0.26 0.87 0.09 0.57 0.70 0.52 0.13 0.17 0.96 0.30
0.83 0.74 0.61 0.04 0.65 0.91 0.78 0.22 0.35 0.39
10
0.33 0.44 0.13 0.56 0.77 0.95 0.99 0.81 0.78 0.47
0.25 0.27 0.92 0.41 0.85 0.76 0.75 0.61 0.82 0.24
9
0.73 0.04 0.60 0.11 0.80 0.62 0.27 0.82 0.84
0.91 0.02 0.09 0.31 0.40 0.47 0.16 0.96 0.07
10
0.60 0.61 0.63 0.68 0.13 0.97 0.11 0.81 0.73 0.78
0.95 0.75 0.99 0.74 0.06 0.29 0.77 0.31 0.17 0.02
6
0.23 0.11 0.03 0.16 0.34 0.26
0.40 0.35 0.95 0.77 0.50 0.65
7
0.23 0.43 0.59 0.84 0.05 0.18 0.48
0.93 0.98 0.20 0.89 0.77 0.39 0.07
1
0.17
0.33
5
0.56 0.25 0.19 0.44 0.94
0.62 0.75 0.81 0.69 0.88
2
0.87 0.48
0.78 0.13
1
0.33
0.25
10
0.73 0.25 0.05 0.02 0.23 0.70 0.14 0.91 0.39 0.64
0.55 0.61 0.32 0.09 0.82 0.50 0.77 0.66 0.57 0.43
5
0.25 0.12 0.35 0.18 0.21
0.81 0.74 0.89 0.96 0.53
10
0.57 0.09 0.34 0.28 0.53 0.36 0.07 0.04 0.12 0.45
0.59 0.62 0.67 0.60 0.78 0.87 0.73 0.94 0.89 0.93
